x_eval,y_eval,pred_errors,pred_var,y_pred_mean,preds_0,preds_1,preds_2,preds_3,preds_4,preds_5,preds_6,preds_7,preds_8,preds_9,preds_10,preds_11,preds_12,preds_13,preds_14,preds_15,preds_16,preds_17,preds_18,preds_19,preds_20,preds_21,preds_22,preds_23,preds_24,preds_25,preds_26,preds_27,preds_28,preds_29,preds_30,preds_31,preds_32,preds_33,preds_34,preds_35,preds_36,preds_37,preds_38,preds_39,preds_40,preds_41,preds_42,preds_43,preds_44,preds_45,preds_46,preds_47,preds_48,preds_49
-3.0074868,-0.9735418,0.1792888,0.021915162,-1.1528306,-1.0740756,-1.0079001,-0.867897,-1.2379119,-1.3173926,-1.1099252,-1.3687971,-1.3914809,-1.1909213,-1.1269017,-1.0439131,-1.093357,-1.1533194,-1.2760931,-1.3967183,-1.0987647,-1.1194676,-1.1479189,-1.2415524,-1.152541,-1.3725339,-1.1788236,-1.2666029,-1.141074,-1.3039488,-0.98349524,-0.994527,-1.3036492,-1.192122,-1.1585183,-1.1472125,-1.077015,-1.171916,-1.0853074,-0.9647623,-1.0168716,-1.1741205,-1.1547503,-0.76327467,-1.2176919,-1.170423,-0.9439427,-0.81018734,-1.255026,-1.3438104,-1.4375134,-1.2801389,-0.9767353,-1.1865748,-1.152115
-2.4635563,-0.7517024,0.034472644,0.014942536,-0.7861751,-0.71506923,-0.67306435,-0.5577606,-0.85066265,-0.9045928,-0.7310548,-0.9742477,-0.9688711,-0.8139773,-0.7561713,-0.7036372,-0.7425394,-0.7769477,-0.8890091,-0.99173844,-0.7381492,-0.7315015,-0.7918293,-0.8433244,-0.8080746,-0.9869143,-0.7968499,-0.882857,-0.78316426,-0.91581726,-0.6478155,-0.6415539,-0.90765095,-0.82131696,-0.796631,-0.8000021,-0.69991016,-0.8073109,-0.7126243,-0.61294657,-0.6837214,-0.81612283,-0.79090124,-0.47785622,-0.8466815,-0.7821417,-0.6181614,-0.5040239,-0.88584167,-0.93992484,-1.0229882,-0.8823784,-0.6620621,-0.8181272,-0.8022341
-3.8230453,-2.1803787,-0.46556473,0.033772945,-1.714814,-1.6123625,-1.528455,-1.3627489,-1.8209466,-1.938587,-1.6797634,-1.9618702,-2.029989,-1.7737038,-1.6862434,-1.5730987,-1.6408397,-1.7278167,-1.8572679,-2.0133247,-1.6491395,-1.7005774,-1.7175844,-1.8435112,-1.6806546,-1.9530442,-1.7533205,-1.855154,-1.6930555,-1.9010061,-1.4933344,-1.544822,-1.9078404,-1.7546979,-1.6996478,-1.6767746,-1.6830825,-1.7362828,-1.6533546,-1.5180688,-1.5295359,-1.7226002,-1.7239171,-1.2146553,-1.7821802,-1.7523044,-1.4574026,-1.2914602,-1.812138,-1.9478978,-2.083227,-1.894712,-1.4777122,-1.7411393,-1.6878499
-3.735939,-1.7850746,-0.13060296,0.032346,-1.6544716,-1.5548705,-1.4728568,-1.3095609,-1.7586751,-1.872067,-1.6187242,-1.8985268,-1.959845,-1.7109327,-1.6258817,-1.5161653,-1.5823654,-1.6664573,-1.7951951,-1.9474676,-1.5900706,-1.6384963,-1.6567305,-1.7791971,-1.6244248,-1.8903724,-1.6918817,-1.7919255,-1.6336982,-1.8363746,-1.4383745,-1.4860601,-1.8432841,-1.6932114,-1.6418519,-1.6202143,-1.6177799,-1.6751177,-1.5920448,-1.4586385,-1.4733344,-1.6637616,-1.6627537,-1.1657269,-1.721505,-1.6901647,-1.4022311,-1.2401907,-1.7526426,-1.8833778,-2.0141234,-1.8280705,-1.4241492,-1.6819087,-1.6302919
-3.3851542,-1.511269,-0.09927118,0.027097302,-1.4119978,-1.3233448,-1.2489579,-1.095368,-1.5079027,-1.6041868,-1.3729862,-1.6434364,-1.6844494,-1.4581473,-1.3848981,-1.2868893,-1.3468844,-1.4193565,-1.5452225,-1.6822551,-1.3522016,-1.388512,-1.4116662,-1.5201988,-1.397559,-1.6402813,-1.4444628,-1.5372983,-1.3945343,-1.5789591,-1.2185103,-1.2494214,-1.5833101,-1.449583,-1.4091038,-1.3924412,-1.3547996,-1.4288003,-1.3454514,-1.2193081,-1.2496415,-1.4268131,-1.4164678,-0.9689492,-1.4771602,-1.4399229,-1.1800508,-1.0332158,-1.5130495,-1.62355,-1.7358371,-1.5642152,-1.2084463,-1.4433815,-1.3985002
-2.7318425,-0.8665989,0.0990386,0.018342339,-0.9656375,-0.89214426,-0.8381673,-0.70685434,-1.0408568,-1.1082006,-0.9179273,-1.1683488,-1.1768657,-0.99957067,-0.9386007,-0.8695603,-0.91528034,-0.95960724,-1.0796664,-1.1883163,-0.9160177,-0.92310286,-0.962422,-1.0397534,-0.9778299,-1.1771158,-0.98525304,-1.0699636,-0.9590587,-1.10323,-0.8119674,-0.81231725,-1.1000149,-1.0042115,-0.9754829,-0.9687121,-0.8826169,-0.9867963,-0.89590627,-0.7839633,-0.8474634,-0.9927004,-0.9670815,-0.6172248,-1.0283481,-0.97365606,-0.7766616,-0.64740777,-1.0666729,-1.1395628,-1.2266518,-1.078342,-0.81236356,-0.9994399,-0.9725982
-3.019813,-0.9905631,0.1706844,0.022076113,-1.1612475,-1.0822113,-1.0157677,-0.8751282,-1.2467239,-1.3267472,-1.1185108,-1.3777609,-1.4010781,-1.199478,-1.1353222,-1.0517781,-1.1016314,-1.1620022,-1.284877,-1.4060374,-1.1069367,-1.1282486,-1.1564354,-1.2505763,-1.1605377,-1.3812726,-1.1874795,-1.2753962,-1.1492133,-1.3129246,-0.9911657,-1.0028669,-1.3127552,-1.200525,-1.1666969,-1.1552163,-1.0859106,-1.1801991,-1.093781,-0.9729693,-1.0244471,-1.1822333,-1.1631426,-0.7698728,-1.226159,-1.1792222,-0.9515353,-0.81746644,-1.2634487,-1.3529404,-1.4469427,-1.2894104,-0.9842903,-1.1949564,-1.1601429
-2.2071104,-0.38214538,0.2371274,0.011843758,-0.61927277,-0.5453811,-0.51524794,-0.42310083,-0.67688495,-0.71726227,-0.55437154,-0.79218996,-0.77256286,-0.6401249,-0.5836682,-0.5494061,-0.5819258,-0.6023494,-0.70844877,-0.81375045,-0.57042176,-0.55323344,-0.6319665,-0.6675627,-0.6458114,-0.8074992,-0.61676157,-0.7072034,-0.61708426,-0.73886967,-0.49866292,-0.4883783,-0.7313218,-0.6496583,-0.63157755,-0.6491157,-0.5293238,-0.63917404,-0.5449545,-0.46326813,-0.529248,-0.6470278,-0.62857646,-0.35249284,-0.6747849,-0.5984771,-0.48724887,-0.37405628,-0.7168052,-0.7498631,-0.8300843,-0.69959784,-0.5247368,-0.6465395,-0.6455747
-3.0887442,-1.1491747,0.059197545,0.022995505,-1.2083722,-1.1277072,-1.0597651,-0.916033,-1.2960021,-1.3790605,-1.166524,-1.4278872,-1.4547458,-1.2473295,-1.1824111,-1.0957602,-1.1479048,-1.2105588,-1.3339978,-1.4581531,-1.1526368,-1.177354,-1.204589,-1.3013475,-1.2052579,-1.4301412,-1.2358863,-1.3245704,-1.1947302,-1.3631188,-1.0340602,-1.0494636,-1.3636787,-1.2475163,-1.2124333,-1.1999749,-1.1356561,-1.2265202,-1.1411668,-1.018866,-1.0668114,-1.2279868,-1.2100734,-0.80692947,-1.2735087,-1.2284282,-0.9939942,-0.8581732,-1.3105508,-1.4039979,-1.5006875,-1.3412595,-1.0265396,-1.2418282,-1.2050352
-2.7353873,-0.86230946,0.105722904,0.018389052,-0.96803236,-0.8944839,-0.8403487,-0.7088398,-1.043391,-1.1108907,-0.92039645,-1.1709268,-1.1796256,-1.0020313,-0.9410223,-0.87174565,-0.9175627,-0.9620207,-1.0821923,-1.1909964,-0.91836786,-0.92562807,-0.96472865,-1.0423487,-0.98007274,-1.179629,-0.9877426,-1.0724924,-0.96139944,-1.1058114,-0.8141732,-0.8146544,-1.1026337,-1.006628,-0.9778563,-0.9709866,-0.88506234,-0.98916787,-0.89833754,-0.7862475,-0.84964204,-0.99503344,-0.969495,-0.61906624,-1.030783,-0.9761865,-0.7787652,-0.64950114,-1.069095,-1.1422008,-1.2293636,-1.0809312,-0.8143731,-1.0018356,-0.9749068
-3.3022132,-1.2719883,0.08285749,0.025923345,-1.3548458,-1.2686018,-1.1960182,-1.0447233,-1.4486089,-1.5410664,-1.3152143,-1.5831218,-1.620174,-1.3983775,-1.3282382,-1.232678,-1.2912061,-1.3609312,-1.4861181,-1.6195472,-1.2960287,-1.3294259,-1.3537221,-1.45896,-1.3437498,-1.5814803,-1.3859618,-1.4770933,-1.3379636,-1.518563,-1.1668979,-1.1934695,-1.5218406,-1.3930411,-1.3540716,-1.3385855,-1.2926195,-1.3705599,-1.2882812,-1.1627197,-1.1980072,-1.3711698,-1.3582349,-0.9237025,-1.4201436,-1.3807546,-1.1275177,-0.9842356,-1.4563991,-1.5621153,-1.670038,-1.5018278,-1.1574442,-1.3869832,-1.3440595
-3.1965654,-1.1954044,0.086787224,0.024467792,-1.2821916,-1.1988717,-1.1285852,-0.9807717,-1.3730824,-1.4608884,-1.2416263,-1.5062948,-1.538302,-1.3223195,-1.256067,-1.1645569,-1.2202849,-1.2865105,-1.4108323,-1.5396718,-1.2244772,-1.2541642,-1.279915,-1.3809562,-1.2752088,-1.5065812,-1.3116034,-1.401488,-1.2659054,-1.4416322,-1.1011552,-1.1221998,-1.4435427,-1.3210195,-1.2839736,-1.2699858,-1.2134677,-1.2989748,-1.2154597,-1.0906568,-1.1330773,-1.3003072,-1.2840594,-0.8659973,-1.3475727,-1.3053879,-1.0606025,-0.92184615,-1.3842269,-1.4838617,-1.5862249,-1.4223611,-1.0926254,-1.3151448,-1.2752551
-3.9553485,-2.232892,-0.4263867,0.03600155,-1.8065053,-1.6996857,-1.6129017,-1.4442332,-1.9155287,-2.0396214,-1.7724742,-2.0580812,-2.1365285,-1.8692857,-1.7779242,-1.6595736,-1.730513,-1.821014,-1.9515482,-2.113353,-1.7388573,-1.7948017,-1.8100137,-1.9411957,-1.7660612,-2.048235,-1.8466377,-1.9511904,-1.783212,-1.9989034,-1.5768114,-1.6341567,-2.005893,-1.8480883,-1.787432,-1.7626822,-1.7822691,-1.8291845,-1.7464762,-1.6083353,-1.6148988,-1.8119686,-1.8168442,-1.2888738,-1.874338,-1.8466865,-1.5412006,-1.3693318,-1.9025036,-2.0457923,-2.1881866,-1.9965029,-1.5590677,-1.8311031,-1.7752733
-3.662282,-1.8725065,-0.26903498,0.031178748,-1.6034715,-1.5062551,-1.425843,-1.2645851,-1.7060183,-1.8158183,-1.5671097,-1.8449633,-1.900857,-1.6578532,-1.5748402,-1.4680223,-1.5329195,-1.6145717,-1.7427063,-1.8917786,-1.5401222,-1.5860006,-1.6052724,-1.7248135,-1.5768765,-1.837377,-1.639929,-1.7384595,-1.5835056,-1.7817224,-1.3919007,-1.4363712,-1.7886955,-1.6412183,-1.59298,-1.572387,-1.5625597,-1.6233964,-1.5402014,-1.4083846,-1.4258105,-1.6140077,-1.611039,-1.1243533,-1.670198,-1.6376194,-1.3555782,-1.1968372,-1.7023333,-1.8288196,-1.9556895,-1.7726669,-1.3788562,-1.6318233,-1.5816207
-3.412223,-1.6603634,-0.2296952,0.02748509,-1.4306682,-1.3412107,-1.2662354,-1.1118965,-1.5272539,-1.6248584,-1.3918827,-1.6631207,-1.7054262,-1.4776539,-1.4033895,-1.3045816,-1.3650556,-1.4384247,-1.5645119,-1.7027205,-1.3705512,-1.4077953,-1.4305769,-1.5401847,-1.4151206,-1.6594719,-1.4635551,-1.5569471,-1.412997,-1.5986701,-1.2353548,-1.2676818,-1.6033713,-1.4680363,-1.427064,-1.4100176,-1.3750929,-1.4478078,-1.3641977,-1.2377765,-1.2665108,-1.4450977,-1.4354728,-0.98389316,-1.4960153,-1.4592332,-1.1971959,-1.0492013,-1.5315381,-1.6436001,-1.7573115,-1.584576,-1.2250911,-1.4617879,-1.4163867
-2.9629564,-0.99731296,0.1251741,0.021329585,-1.1224871,-1.0446845,-0.9803946,-0.84186304,-1.2060778,-1.2835977,-1.0789078,-1.3364148,-1.3568097,-1.1600084,-1.0964817,-1.0155001,-1.064087,-1.121951,-1.2443602,-1.3630508,-1.0692419,-1.0877447,-1.117152,-1.2089517,-1.1240646,-1.3409642,-1.1475524,-1.2348357,-1.1116694,-1.2715226,-0.9557849,-0.9648805,-1.270752,-1.1617651,-1.1289722,-1.1182979,-1.0448788,-1.1419921,-1.0546957,-0.93511236,-0.9895036,-1.1448121,-1.1244324,-0.739565,-1.1871034,-1.1386354,-0.91651374,-0.78389025,-1.2245975,-1.3108267,-1.4034487,-1.2471538,-0.94944173,-1.156295,-1.1231141
-2.6046648,-0.7366858,0.14335853,0.016670274,-0.88004434,-0.8082041,-0.7599024,-0.6356234,-0.95024955,-1.0116829,-0.82934284,-1.0758653,-1.0781344,-0.9112846,-0.85172164,-0.7911572,-0.83339465,-0.87301975,-0.9890382,-1.0922031,-0.83170134,-0.8325034,-0.8803099,-0.9466469,-0.89735955,-1.0869532,-0.895943,-0.9796541,-0.87508,-1.0141047,-0.73332,-0.73119795,-1.0073644,-0.91751266,-0.89032936,-0.88710964,-0.7948838,-0.90171355,-0.8090084,-0.70201665,-0.76931256,-0.90899605,-0.8808699,-0.5511589,-0.94126695,-0.8828712,-0.70118934,-0.5765267,-0.97976977,-1.044927,-1.1293639,-0.98544794,-0.74110204,-0.91349083,-0.89038306
-2.3999772,-0.56496704,0.1793068,0.014181005,-0.74427384,-0.6731056,-0.63393795,-0.52414626,-0.8073255,-0.8573313,-0.6867693,-0.92911106,-0.9196404,-0.77087516,-0.7131269,-0.6641812,-0.70211565,-0.7336606,-0.84452295,-0.9473983,-0.6959975,-0.68583703,-0.7522055,-0.796762,-0.7678457,-0.9418399,-0.75220174,-0.83930826,-0.741989,-0.8718765,-0.6092898,-0.6025457,-0.8638694,-0.7779743,-0.7547128,-0.76154244,-0.6576177,-0.76477593,-0.6691966,-0.57383937,-0.64542377,-0.7742693,-0.7506571,-0.44561923,-0.8040641,-0.736714,-0.58301586,-0.4713901,-0.8439334,-0.89261407,-0.97516257,-0.83593845,-0.6276222,-0.7753876,-0.76340413
-3.677941,-2.0882187,-0.4739095,0.031422015,-1.6143092,-1.5165905,-1.435838,-1.2741467,-1.7172129,-1.8277766,-1.5780827,-1.8563508,-1.9131744,-1.6691378,-1.5856913,-1.4782573,-1.5434314,-1.6256021,-1.753865,-1.9036179,-1.5507408,-1.5971609,-1.6162122,-1.7363749,-1.586985,-1.8486438,-1.650974,-1.7498261,-1.5941763,-1.7933412,-1.4017806,-1.4469349,-1.8003004,-1.6522716,-1.60337,-1.5825549,-1.5742993,-1.634392,-1.5512233,-1.4190683,-1.4359139,-1.624585,-1.6220335,-1.133149,-1.6811056,-1.6487905,-1.3654963,-1.206054,-1.7130289,-1.8404185,-1.9681125,-1.7844454,-1.3884853,-1.6424713,-1.591968
-3.435463,-1.3575252,0.089182496,0.027815795,-1.4467077,-1.3565496,-1.2810688,-1.126087,-1.543868,-1.6426055,-1.408168,-1.6800208,-1.7234364,-1.494401,-1.4192653,-1.3197715,-1.3806564,-1.4547952,-1.5810728,-1.7202913,-1.3863107,-1.4243509,-1.4468127,-1.5573436,-1.4301978,-1.6759477,-1.4799471,-1.5738162,-1.4288478,-1.6155928,-1.2498165,-1.2833595,-1.6205949,-1.4838439,-1.4424839,-1.4251077,-1.3925155,-1.4641266,-1.3805552,-1.2536324,-1.2809936,-1.4607956,-1.4517894,-0.99694735,-1.5122036,-1.4758118,-1.2119156,-1.0629252,-1.5474113,-1.660814,-1.7757481,-1.6020565,-1.2393817,-1.4775906,-1.4317434
-1.2170782,-0.164425,-0.07112669,0.0020589754,-0.09329831,-0.019329272,-0.07163499,-0.032006323,-0.07955968,-0.10718535,-0.01842514,-0.16269276,-0.1379268,-0.09865721,-0.09043522,-0.09747453,-0.098535515,-0.0708486,-0.11699386,-0.18929133,-0.0857631,-0.020934928,-0.09494196,-0.11908887,-0.08600588,-0.205201,-0.07637032,-0.09860722,-0.086793676,-0.10204232,-0.06797979,-0.07823608,-0.16563562,-0.08081174,-0.10521951,-0.13924351,-0.025997385,-0.075522795,-0.07500172,-0.04889162,-0.06316174,-0.09955661,-0.08479614,-0.023694646,-0.09670152,-0.038887408,-0.096205726,-0.010086885,-0.15256535,-0.14587997,-0.1788071,-0.1347851,-0.06926919,-0.10933332,-0.1318989
1.8147402,0.067237936,-0.1984902,0.009974364,0.26572815,0.37892792,0.21197604,0.33454877,0.40197477,0.15578167,0.20251317,0.23562925,0.34999353,0.2706389,0.3356529,0.4284241,0.21073444,0.2579419,0.34958455,0.1805051,0.12827547,0.49664214,0.2181753,0.253079,0.31823498,0.18136226,0.19464147,0.26282978,0.29592684,0.34976986,0.10087476,0.19208647,0.20332289,0.22717114,0.24218315,0.17034999,0.2758445,0.4721895,0.28769138,0.29824516,0.17210987,0.41075295,0.107407846,0.33739382,0.3188612,0.27402955,0.35898176,0.2670773,0.031153541,0.21200083,0.22744495,0.43097967,0.33881843,0.19923739,0.12643574
1.3705997,0.2856798,0.23198141,0.001778332,0.053698376,0.056748196,0.028996382,0.09988189,0.08578902,0.018159317,0.027850045,0.03158769,0.0970677,0.02440438,0.02773694,0.14183342,0.01883217,0.0394674,0.13444383,0.03892649,0.019096522,0.1967409,0.008574878,0.035555445,0.08176208,0.0080891885,0.038903467,0.044675857,0.092254624,0.08487596,0.0062301746,0.03209223,0.042735323,0.035209335,0.03245973,0.020791026,0.053563535,0.13458796,0.039518695,0.06553407,0.008274108,0.12494692,0.010431762,0.08012887,0.07808079,0.07475419,0.068348154,0.039789055,0.00035364297,0.0115565015,0.06453785,0.082064904,0.06825198,0.02682332,0.0016009884
-1.6865659,-0.16402996,0.1435166,0.006167942,-0.30754656,-0.22496119,-0.23174171,-0.18129762,-0.3389385,-0.3575678,-0.21783552,-0.45051983,-0.40459383,-0.30143046,-0.2973628,-0.25607565,-0.29391894,-0.26991257,-0.35606828,-0.47072202,-0.2762653,-0.21764934,-0.31759572,-0.35559782,-0.32609934,-0.46669203,-0.29425433,-0.35629258,-0.30390579,-0.3865092,-0.22813082,-0.24328117,-0.41743276,-0.32474217,-0.31356677,-0.36168975,-0.2191574,-0.3152246,-0.24752213,-0.20651256,-0.25120008,-0.32338122,-0.31720144,-0.14716007,-0.34354204,-0.2433442,-0.25343263,-0.14213127,-0.39297286,-0.3870332,-0.4499591,-0.35581988,-0.26241946,-0.3234156,-0.35324782
-0.49776864,-0.18998033,-0.19451448,8.819907e-05,0.004534148,0.0010401523,0.00010522455,0.0069944006,0.010970597,0.005379514,0.008312696,-0.005479044,0.023487074,-0.005712601,0.019594876,0.008508595,-0.0068897735,0.0012657591,8.8544126e-05,-0.01634777,0.011677758,0.0033414462,-0.0022031572,0.010656524,0.011819522,-0.006563341,0.007927125,-0.0033885273,0.021474168,0.013918497,0.0012081657,0.013867227,0.011663444,-0.016232815,0.00022551976,0.0051888824,0.011904786,0.019448401,0.005480212,0.0032146843,0.0020009317,0.0012265467,0.00874213,-0.0027622678,0.01670343,0.014499048,0.0048532104,0.0144072315,-0.01663895,-0.0065048444,-0.0013364134,0.0020868117,0.0141298855,0.0002626176,-0.00090872473
0.09024525,-0.055087954,-0.06254338,7.3036405e-05,0.007455423,0.0025047394,0.00039219589,0.00703743,0.0123841325,0.006599763,0.008416564,-0.0002839765,0.024211407,-0.0056646545,0.021396713,0.016918093,-0.00645724,0.0048761563,2.5560774e-05,0.0023577902,0.013928587,0.003078385,0.0024658167,0.010840798,0.011783499,0.0032370205,0.01136621,-0.0026613036,0.022102622,0.013918497,0.0045918943,0.014729949,0.02239848,-0.01579054,0.0032564732,0.012742836,0.012425017,0.02089187,0.005845591,0.003929739,0.0024516499,0.0013857363,0.009647624,-0.0026970962,0.017683094,0.017733138,0.013064327,0.0152234,-0.00062554417,-0.0024440214,0.0054374365,0.00867639,0.01590084,0.0011056268,0.0004324126
0.29180217,-0.015527179,-0.023144932,7.309908e-05,0.0076177525,0.0026659379,0.00037669786,0.00703743,0.012574136,0.0068028513,0.008416564,-0.00049333123,0.024254436,-0.0056646545,0.021396713,0.017447088,-0.006017921,0.005144062,-4.105319e-05,0.0043071834,0.01393337,0.0030805098,0.0024174382,0.010840798,0.011709232,0.0032484934,0.011680673,-0.0025596835,0.022206051,0.013918497,0.0050472068,0.014742451,0.022608703,-0.015821751,0.0036708224,0.013779114,0.012432937,0.0208452,0.005845591,0.004005278,0.0024890937,0.0013857363,0.009647744,-0.0026970962,0.017974216,0.017808352,0.0138119515,0.0152033055,3.087439e-05,-0.0023473178,0.005733948,0.008593149,0.01586223,0.0011219634,0.0004324126
0.47434855,-0.032385536,-0.040103607,7.3104384e-05,0.007718073,0.0028016893,0.00029990776,0.00703743,0.012711667,0.007115195,0.008416564,-0.0006829398,0.02425197,-0.0056646545,0.021396713,0.017593138,-0.0053797713,0.005219833,0.00035434827,0.0054076593,0.013937702,0.0032513181,0.0023556538,0.010840798,0.011675067,0.00326381,0.011965477,-0.0024164163,0.022495959,0.013958244,0.0050472068,0.014749387,0.022761688,-0.01585002,0.0038579204,0.014707146,0.012432937,0.02075003,0.005845591,0.0039323214,0.0025230062,0.0013857363,0.009647853,-0.0026970962,0.018237881,0.017838042,0.013703459,0.0152033055,9.201304e-05,-0.0023473178,0.006146836,0.008345274,0.0158297,0.0011219634,0.0004324126
0.78485656,0.08447211,0.07640354,7.223612e-05,0.008068569,0.003137506,0.00033447042,0.0070562437,0.012854597,0.0075015794,0.008424881,-0.001262431,0.024247423,-0.005892606,0.021396713,0.020368205,-0.0032485751,0.0053179143,0.0050585866,0.0070644952,0.01395746,0.0042451285,0.0024085697,0.010865444,0.011567961,0.0033971006,0.01255305,-0.0012861177,0.023053851,0.014051805,0.0050472068,0.014879178,0.022762837,-0.015686702,0.003984114,0.014853034,0.012432937,0.020384267,0.005845591,0.0038411655,0.0025806907,0.0013857363,0.009648038,-0.0026970962,0.018989637,0.018190363,0.012943269,0.015174032,6.455695e-05,-0.0024923433,0.008167387,0.008414568,0.0158297,0.0012806326,0.0004324126
0.11980033,0.114785574,0.10730379,7.309355e-05,0.007481785,0.0025283764,0.00039219589,0.00703743,0.012404425,0.00662664,0.008416564,-0.00031467504,0.024238415,-0.0056646545,0.021396713,0.017065391,-0.006437307,0.0048924014,1.5792888e-05,0.0027156072,0.013929288,0.003060994,0.0024662253,0.010840798,0.0117731225,0.0032389597,0.011412321,-0.002647417,0.022102796,0.013918497,0.0046790633,0.014731782,0.022436397,-0.015795117,0.003318175,0.012899996,0.012431153,0.020889105,0.005845591,0.003947053,0.0024571402,0.0013857363,0.009647641,-0.0026970962,0.017725782,0.01777655,0.013190966,0.015206405,-0.00054394954,-0.002405508,0.005440317,0.008677314,0.015895179,0.0011082474,0.0004324126
-0.9758575,0.026881715,0.059139766,0.0007015428,-0.032258052,-0.004905658,-0.025664158,-0.0011050813,-0.007346574,-0.035257906,0.005944765,-0.06471671,-0.04966358,-0.046332963,-0.025453562,-0.04162552,-0.032864522,-0.023813667,-0.045206547,-0.09294322,-0.028318513,-0.0020253025,-0.04194389,-0.034685615,-0.022447497,-0.108873546,-0.024508722,-0.026638648,-0.014977131,-0.007116962,-0.023977878,-0.017568005,-0.08096342,-0.03040187,-0.034610268,-0.064640716,0.0058457884,-0.007829431,-0.01974966,-0.009255167,-0.015082082,-0.025260217,-0.019602481,-0.004034477,-0.020988341,-0.00704859,-0.045496,0.00804056,-0.07591952,-0.068329625,-0.07624766,-0.06041853,-0.020437486,-0.047838923,-0.048597865
0.946378,0.0415387,0.03259914,8.149492e-05,0.008939561,0.003312163,0.000555204,0.0071218926,0.01287322,0.0076406263,0.008443899,-0.0017873535,0.025264889,-0.0063766697,0.021396713,0.030529533,-0.0014075828,0.005451279,0.018118089,0.008361729,0.013974044,0.011497252,0.0026851627,0.0108293565,0.011859138,0.0034664362,0.013079234,-0.0011528303,0.024623461,0.014436877,0.005113338,0.0156948,0.022463314,-0.015359212,0.0041428213,0.014559353,0.012432937,0.0201034,0.005845591,0.0047376147,0.0027091475,0.0029408685,0.009648134,-0.0026970962,0.018952355,0.020088257,0.011934778,0.015080468,5.027483e-05,-0.0025178627,0.009854302,0.008682959,0.015824337,0.0014650113,0.0004324126
-1.9184978,-0.17139043,0.26857507,0.00859636,-0.43996552,-0.36014873,-0.3439472,-0.2822072,-0.48704484,-0.51366824,-0.36413085,-0.59821635,-0.5652986,-0.44609562,-0.41485468,-0.37830332,-0.41236928,-0.41264573,-0.5107753,-0.621001,-0.4001618,-0.365405,-0.4531986,-0.48771557,-0.4662119,-0.6133169,-0.4269032,-0.50979775,-0.43192676,-0.54068726,-0.34556082,-0.33933562,-0.5495539,-0.46571326,-0.44964054,-0.48359394,-0.34308183,-0.45709956,-0.3645199,-0.30750227,-0.36034328,-0.46519142,-0.44681573,-0.23054835,-0.48561847,-0.39301172,-0.35356304,-0.24144556,-0.532255,-0.5423333,-0.61149824,-0.504292,-0.3771414,-0.46442968,-0.47815394
-1.1854134,-0.06607058,0.016904935,0.0018218771,-0.082975514,-0.014689807,-0.064469986,-0.02641108,-0.068008,-0.09459469,-0.011749832,-0.1467667,-0.123583004,-0.09077952,-0.07884085,-0.08878662,-0.08744419,-0.06144201,-0.10563234,-0.17403583,-0.07704764,-0.015721064,-0.08586922,-0.1062796,-0.07488062,-0.19076256,-0.06734059,-0.085487545,-0.07614063,-0.085937165,-0.061186507,-0.069512814,-0.15105444,-0.07159692,-0.09327002,-0.12668738,-0.017703682,-0.06410688,-0.065815076,-0.04152521,-0.053101175,-0.08749658,-0.0748068,-0.020244934,-0.085517384,-0.031012025,-0.08792596,-0.006437516,-0.14112279,-0.13322978,-0.16285425,-0.12177687,-0.060191564,-0.09932529,-0.11857271
-0.5006597,0.10911941,0.104640156,8.865982e-05,0.004479253,0.001009539,8.541765e-05,0.0069935466,0.010953036,0.0053443015,0.008306195,-0.0056030895,0.023472361,-0.0057868343,0.01953594,0.008410085,-0.006908773,0.0012289863,6.9687914e-05,-0.016571574,0.011627768,0.0033281376,-0.0023553842,0.010648929,0.011819147,-0.0068063824,0.007850538,-0.0034155853,0.021457171,0.013918497,0.0011719,0.013837381,0.011467679,-0.016240757,0.000180793,0.005042146,0.011895794,0.019416848,0.005476786,0.0032059667,0.0019813422,0.0012165725,0.008707557,-0.0027647445,0.016691959,0.014454897,0.00473228,0.014388276,-0.016811267,-0.0065541603,-0.0014529191,0.0019386141,0.014097026,0.00020009163,-0.00092905154
-0.9742267,-0.124838464,-0.09286351,0.0006956807,-0.031974956,-0.0048745163,-0.02543109,-0.0009870008,-0.007090619,-0.034904476,0.0059798555,-0.0642016,-0.049123652,-0.046027318,-0.025136711,-0.04134148,-0.032605875,-0.023634616,-0.044802602,-0.09246979,-0.028036755,-0.001989795,-0.04168521,-0.034322742,-0.022168625,-0.10832799,-0.02430331,-0.026414244,-0.014584407,-0.006804403,-0.02374004,-0.017242467,-0.08046962,-0.030240256,-0.034325436,-0.06427217,0.0059072915,-0.007521568,-0.019484274,-0.009163226,-0.014919175,-0.024942052,-0.01927619,-0.004001374,-0.020583104,-0.006891407,-0.045234784,0.008099977,-0.07546987,-0.067921616,-0.075787194,-0.060069084,-0.020218264,-0.047510546,-0.04818231
-0.69966674,-0.0475412,-0.045243308,0.00016214314,-0.002297895,-0.0012640785,-0.0031734612,0.006944164,0.009104453,0.0004167268,0.007858725,-0.016944164,0.017673736,-0.01522271,0.013737721,-0.0052346177,-0.009461223,-0.0027760388,-0.004287526,-0.03691119,0.0030075265,0.0019843641,-0.012986697,0.0034397691,0.00905823,-0.033260055,-0.00023677573,-0.007080958,0.016455106,0.013918497,-0.001981375,0.009084494,-0.014853951,-0.01710703,-0.004869746,-0.014532378,0.01089684,0.015956711,0.0033890414,0.0008025947,-0.0003325853,-0.00049699715,0.0059421007,-0.0030820318,0.014550766,0.009343306,-0.00935752,0.012794769,-0.028954525,-0.015985364,-0.016802095,-0.013396169,0.006637413,-0.011611987,-0.0056885704
-1.6392434,-0.19037636,0.0919316,0.0057017496,-0.28230795,-0.1991775,-0.21273643,-0.16255759,-0.3095134,-0.32670158,-0.19124725,-0.4203214,-0.37180424,-0.2751642,-0.27483904,-0.23664191,-0.27192262,-0.24485052,-0.32632208,-0.44119453,-0.2539891,-0.18960619,-0.2900526,-0.33046725,-0.29837567,-0.4377548,-0.2697118,-0.32666323,-0.28023016,-0.35509846,-0.2061388,-0.22353207,-0.39047536,-0.29625767,-0.2874376,-0.33730632,-0.19612056,-0.28788567,-0.22866504,-0.18696547,-0.2299368,-0.29696187,-0.29200208,-0.1317965,-0.31521082,-0.21627907,-0.23509176,-0.122848995,-0.36563468,-0.35862917,-0.4207806,-0.32909447,-0.2395567,-0.29494587,-0.32889912
-0.4254303,0.21729626,0.21166259,8.0099846e-05,0.005633669,0.0018061413,0.00043824746,0.007009764,0.0113578765,0.005928483,0.008397321,-0.0027101263,0.02363167,-0.005154351,0.020781592,0.010445797,-0.006807891,0.0021858653,0.00013464075,-0.011493433,0.012614209,0.0033850179,0.00051489193,0.010831276,0.011828922,-0.0019254,0.009415296,-0.0029740946,0.02185034,0.013918497,0.0021155938,0.014210277,0.01620154,-0.016034111,0.0013311761,0.008053366,0.012129758,0.019997062,0.005565942,0.0033448695,0.0023558505,0.0013764095,0.009494818,-0.0026970962,0.01693827,0.015327131,0.007314269,0.014798494,-0.012241924,-0.005270888,0.001370097,0.0052733957,0.014768893,0.00094984134,-0.00040011737
0.42751288,0.08233721,0.07464621,7.311334e-05,0.0076909945,0.0027744747,0.00031960965,0.00703743,0.012683362,0.0070428727,0.008416564,-0.00063429226,0.024252027,-0.0056646545,0.021396713,0.017531505,-0.005516634,0.005205039,0.00011379669,0.005138237,0.013936591,0.0032074943,0.0023715056,0.010840798,0.011675067,0.0032484934,0.011892405,-0.0024684444,0.022421578,0.013945609,0.0050472068,0.014748699,0.022735707,-0.015842767,0.0038202868,0.014469042,0.012432937,0.020772185,0.005845591,0.0039661843,0.0025143055,0.0013857363,0.009647825,-0.0026970962,0.018170234,0.017830426,0.013743576,0.0152033055,9.615428e-05,-0.0023473178,0.0060409023,0.008408871,0.015836235,0.0011219634,0.0004324126
-1.3029315,-0.35165504,-0.22722927,0.0027665324,-0.12442576,-0.03925056,-0.09439856,-0.049284816,-0.11984504,-0.14381076,-0.040677972,-0.21147147,-0.17909034,-0.12247568,-0.12423025,-0.12129125,-0.12923726,-0.09982263,-0.15197827,-0.23531543,-0.11091588,-0.036357194,-0.121148616,-0.1581934,-0.11908343,-0.24588184,-0.10538664,-0.13676451,-0.1189599,-0.14737746,-0.09006081,-0.103055485,-0.2067206,-0.11421978,-0.13820462,-0.17484874,-0.052488912,-0.11007394,-0.10501502,-0.07241505,-0.09417769,-0.13272157,-0.11629509,-0.037249196,-0.12999627,-0.065730035,-0.120536536,-0.022773327,-0.18820293,-0.18075329,-0.22625047,-0.17251152,-0.095702015,-0.14033219,-0.16870369
-0.10263872,-0.13757776,-0.14478177,7.318349e-05,0.007204004,0.002348958,0.0004251066,0.0070413486,0.0122516975,0.006424358,0.008416564,-0.00018625252,0.02403515,-0.005670944,0.021396713,0.0153755415,-0.006587325,0.0048086895,8.9308276e-05,-0.0008199522,0.013971261,0.0031918837,0.0024608185,0.010853155,0.011810625,0.0030283316,0.011065278,-0.0026851858,0.022154849,0.013918497,0.004023008,0.014717984,0.02211892,-0.015760671,0.002853793,0.011563306,0.012381917,0.020771658,0.005845591,0.0037952184,0.0024158168,0.0013857363,0.009647509,-0.0026970962,0.017404499,0.017490849,0.012124578,0.015194024,-0.0024303717,-0.0026204619,0.0050503355,0.008608231,0.015676416,0.0010885246,0.0004324126
1.4317017,0.13510352,0.062122874,0.002628113,0.07298065,0.09087121,0.042361498,0.12727278,0.11788107,0.028440267,0.040247478,0.054094445,0.12729213,0.044149593,0.03976845,0.17433119,0.03330468,0.061590396,0.16006948,0.048871648,0.024237402,0.23717059,0.015722902,0.056966882,0.10450477,0.01859876,0.05073008,0.066882424,0.11353508,0.108909674,0.0064920187,0.042222705,0.057074454,0.052330013,0.04993028,0.027215837,0.07762168,0.17634642,0.060883407,0.08903214,0.016782027,0.15686136,0.010406799,0.110232875,0.10634875,0.09145959,0.09476444,0.058809765,0.000584431,0.026843026,0.077546276,0.12523603,0.099207126,0.042400483,0.00459582
-0.2056005,-0.13567613,-0.14261082,7.354536e-05,0.006934681,0.002217003,0.00045006094,0.007045722,0.012142658,0.006330727,0.008416564,-0.00020958355,0.023941388,-0.0056812894,0.021396713,0.014111878,-0.0066567645,0.004329423,0.00012333684,-0.0036474653,0.013960476,0.0032618653,0.002270472,0.010862318,0.011844055,0.0022799536,0.010904641,-0.0026376313,0.02216678,0.013918497,0.0037193357,0.0145943975,0.020811068,-0.015744727,0.0026388415,0.010854304,0.012352804,0.020697476,0.005845591,0.0036526562,0.0023966893,0.0013857363,0.009647448,-0.0026970962,0.017255783,0.017306805,0.010861174,0.015113937,-0.0044796686,-0.0026626964,0.0047858823,0.008336067,0.015408641,0.0010793954,0.0004324126
0.05558443,-0.06432709,-0.07174925,7.2972565e-05,0.007422158,0.0024770186,0.00039219589,0.00703743,0.012360333,0.0065682433,0.008416564,-0.00025015383,0.024179734,-0.0056646545,0.021396713,0.01669279,-0.006480616,0.004868755,3.701602e-05,0.0019277344,0.013934508,0.0030987805,0.0024653375,0.010840798,0.01179567,0.003233526,0.011312133,-0.0026775894,0.022109533,0.013918497,0.004489667,0.014727798,0.022349963,-0.015785173,0.0031841127,0.012558527,0.012417819,0.02089511,0.005845591,0.0039094333,0.0024452107,0.0013857363,0.009647603,-0.0026970962,0.017633032,0.017682226,0.012915811,0.015222614,-0.00076789723,-0.0024891882,0.0054327548,0.008675306,0.015903682,0.0011025537,0.0004324126
-0.1725378,0.061129764,0.05410353,7.336796e-05,0.007026232,0.00226636,0.00044204772,0.0070443177,0.012195497,0.0063607935,0.008416564,-0.00017705187,0.023973742,-0.0056779673,0.021396713,0.014523997,-0.0066344664,0.00451587,0.0001124097,-0.0027436344,0.013967848,0.003238585,0.002366036,0.010859375,0.011836981,0.0025643278,0.010956224,-0.0026529017,0.022163901,0.013918497,0.0038168498,0.014653986,0.02123104,-0.015749848,0.002707866,0.011081975,0.012362152,0.020704022,0.005845591,0.0036989478,0.0024028313,0.0013857363,0.009647467,-0.0026970962,0.017303538,0.017410165,0.011269739,0.015161379,-0.0038216063,-0.0026491343,0.004878625,0.008423464,0.015495101,0.001082327,0.0004324126
0.40476274,0.04931574,0.041638333,7.3111645e-05,0.007677406,0.0027562801,0.00032917992,0.00703743,0.012669614,0.0070077428,0.008416564,-0.00061066204,0.024252255,-0.0056646545,0.021396713,0.017501567,-0.005583114,0.005197853,-3.049965e-06,0.0049986737,0.013936051,0.0031862068,0.0023792055,0.010840798,0.011675067,0.0032484934,0.011856911,-0.0024881386,0.022385446,0.013939785,0.0050472068,0.014748364,0.022714417,-0.015839245,0.0038020066,0.014353385,0.012432937,0.020782948,0.005845591,0.0039811535,0.002510079,0.0013857363,0.009647812,-0.0026970962,0.018137375,0.017826725,0.013750378,0.0152033055,9.816594e-05,-0.0023473178,0.0059894454,0.0084397625,0.015840594,0.0011219634,0.0004324126
1.2716789,0.12416472,0.09340646,0.00082122855,0.03075826,0.01987042,0.012610365,0.058700047,0.049127594,0.010781575,0.0136691965,0.008402286,0.05529825,0.0030103931,0.021470722,0.104465455,0.006987716,0.015659414,0.095412925,0.027213514,0.015258419,0.1340974,0.0050078034,0.012860439,0.04998578,0.0034791133,0.02464197,0.018683827,0.06242687,0.052166924,0.005884869,0.022745894,0.029512567,0.011549138,0.017431797,0.01520534,0.029399348,0.07075131,0.01706199,0.03416725,0.0043682265,0.077729866,0.010259334,0.036504813,0.04102441,0.04966455,0.032993447,0.021266062,0.00013415515,-0.0019210163,0.044674635,0.04568225,0.029666461,0.010532964,0.0003348688
1.8944924,0.2802686,-0.036553323,0.01127579,0.31682193,0.4451279,0.2586234,0.3864048,0.4694318,0.19478093,0.24936017,0.2848628,0.40110648,0.3239252,0.4076241,0.4830205,0.26151478,0.31060216,0.3995871,0.22083093,0.15706567,0.5523941,0.2713692,0.30899265,0.37139082,0.22066589,0.2407549,0.31247595,0.34646368,0.4094515,0.15897977,0.23299627,0.24716988,0.27075547,0.2884874,0.21965915,0.3187028,0.53447074,0.3473418,0.3550459,0.21252073,0.4714987,0.14552602,0.39161757,0.37034762,0.3235838,0.41979232,0.32424438,0.077554815,0.25598752,0.2751531,0.5001272,0.39574808,0.24544904,0.17050864
1.2701118,0.17922097,0.14874199,0.00080957153,0.030478988,0.019474331,0.012399426,0.058046177,0.0487148,0.0106854895,0.013556011,0.008221213,0.054885946,0.0027479935,0.021441322,0.10392715,0.006888627,0.015441735,0.094814256,0.02705149,0.0152241355,0.13312663,0.0049825804,0.012661967,0.049574114,0.0034779862,0.024457652,0.018398115,0.062023744,0.05169587,0.005880312,0.02266283,0.0293862,0.01130473,0.017311988,0.015160675,0.029091641,0.06986657,0.016828531,0.03376304,0.0043283063,0.07698185,0.010251298,0.035873335,0.040480006,0.049325436,0.03261402,0.02108939,0.00013143208,-0.0019294021,0.044359952,0.045241397,0.02932882,0.010368872,0.00032939692
1.8988271,0.22934185,-0.09034215,0.011344758,0.319684,0.448726,0.26130432,0.38922334,0.47318378,0.1973504,0.25192553,0.28753874,0.40388453,0.3268214,0.41153243,0.4859879,0.264368,0.31353137,0.4024599,0.22301567,0.15862872,0.55553913,0.27426037,0.31237656,0.37428135,0.22280212,0.24327892,0.31526062,0.3493564,0.41270626,0.162316,0.23528506,0.24954662,0.27312434,0.29100415,0.22246829,0.32103223,0.5378558,0.35066858,0.35866836,0.21485394,0.47489145,0.1475978,0.39459437,0.373146,0.32627717,0.42309752,0.32752287,0.08058874,0.25849542,0.27790773,0.504063,0.39884228,0.24810259,0.1729041
-0.1446433,0.117329225,0.110227875,7.3262185e-05,0.007101353,0.0023065922,0.00043528713,0.007043133,0.012222857,0.00638616,0.008416564,-0.00016928825,0.02400104,-0.005675165,0.021396713,0.014871694,-0.0066156536,0.0047077034,0.00010319067,-0.0019810852,0.01397407,0.0032166005,0.0024307915,0.010856893,0.011823356,0.0027795727,0.010999745,-0.0026657851,0.022161474,0.013918497,0.0038991207,0.014704261,0.021585366,-0.015754167,0.002766101,0.011274058,0.01237004,0.020729275,0.005845591,0.0037380033,0.0024080134,0.0013857363,0.009647484,-0.0026970962,0.017343828,0.017454274,0.011610879,0.015186435,-0.0032664088,-0.0026376923,0.004947149,0.008497199,0.015568047,0.0010848002,0.0004324126
-1.796643,-0.23078161,0.13793406,0.007304175,-0.36871567,-0.2873426,-0.27999792,-0.22757743,-0.40834394,-0.4307267,-0.28398162,-0.5206768,-0.48086584,-0.36843252,-0.35081294,-0.3104635,-0.34697354,-0.3365527,-0.42780265,-0.54126036,-0.33203408,-0.2867127,-0.38166392,-0.4174669,-0.39242956,-0.5352333,-0.35421914,-0.42815557,-0.36017376,-0.45957398,-0.28256357,-0.2888696,-0.48013875,-0.39164844,-0.37685934,-0.41840827,-0.27489206,-0.3812612,-0.3008656,-0.25324205,-0.3008555,-0.389869,-0.37719545,-0.18383293,-0.40992653,-0.31144896,-0.29929513,-0.18715136,-0.45708278,-0.45731282,-0.52304965,-0.4237069,-0.31582916,-0.3903422,-0.4106622
-0.94815445,-0.1582221,-0.13059601,0.0006057143,-0.027626079,-0.004376635,-0.021929167,0.0008880887,-0.003419323,-0.02943253,0.006531464,-0.05606257,-0.040493548,-0.04161443,-0.020151364,-0.037127726,-0.028488591,-0.020883828,-0.03837015,-0.08516239,-0.023989718,-0.0014221193,-0.037549455,-0.028781977,-0.017694902,-0.099785745,-0.021325067,-0.023029165,-0.009091731,-0.0018973872,-0.020131828,-0.01244624,-0.072660536,-0.027731426,-0.0297716,-0.05845061,0.0065951236,-0.0034688208,-0.015498217,-0.0076933196,-0.012314688,-0.020406168,-0.014059638,-0.0035304287,-0.014589988,-0.0045627765,-0.04105869,0.00889517,-0.06859088,-0.06139876,-0.06842535,-0.05452148,-0.01671343,-0.042443052,-0.041666336
1.3618104,0.14184202,0.09057745,0.0016744185,0.05126457,0.052719183,0.027177058,0.09622306,0.08198591,0.017217165,0.026264379,0.028527167,0.09273376,0.022064082,0.02681267,0.13771689,0.017054632,0.036653873,0.1309175,0.03774861,0.018516164,0.19092521,0.008117942,0.032755602,0.07868524,0.007097647,0.03725683,0.04191784,0.08930723,0.08171829,0.006193271,0.03064164,0.041207485,0.03296974,0.030577632,0.020022053,0.050679002,0.12869395,0.036747072,0.062392734,0.0075442893,0.12075161,0.010433274,0.07621143,0.074552715,0.07235682,0.06475362,0.037666783,0.00030238472,0.009666518,0.062772974,0.07750388,0.06405731,0.025057862,0.0013585496
-0.012964964,0.06834515,0.06099569,7.2843504e-05,0.0073494595,0.0024221952,0.0004033728,0.00703754,0.012313267,0.0065059057,0.008416564,-0.00022246898,0.024117094,-0.0056646545,0.021396713,0.016247204,-0.0065268474,0.0048541175,5.9671387e-05,0.0010772059,0.013950431,0.003139117,0.00246439,0.010845173,0.011807192,0.0032097641,0.011205185,-0.002709798,0.022129165,0.013918497,0.004287489,0.014723547,0.022254013,-0.015774557,0.0030410034,0.012180805,0.012403585,0.02086214,0.005845591,0.0038692749,0.0024324758,0.0013857363,0.009647562,-0.0026970962,0.017534021,0.017581537,0.012622086,0.015210227,-0.0010494317,-0.0025796487,0.0052901083,0.00867241,0.01580522,0.0010964756,0.0004324126
-0.9940927,0.038489286,0.074013606,0.00076868024,-0.035524324,-0.0052555893,-0.028407365,-0.0024254713,-0.010678466,-0.039209865,0.0054868786,-0.07047667,-0.055700906,-0.04975064,-0.028996585,-0.044972222,-0.03588604,-0.02590582,-0.04973345,-0.0982372,-0.031478673,-0.0024223402,-0.044983856,-0.039796915,-0.025659129,-0.114973865,-0.02700606,-0.02937889,-0.019368641,-0.011053048,-0.026727071,-0.021205472,-0.086484864,-0.03243683,-0.03795464,-0.06877467,0.0048310603,-0.011327893,-0.022717193,-0.010373905,-0.016903684,-0.028861567,-0.023250993,-0.004404634,-0.025576673,-0.008806152,-0.048416797,0.007247299,-0.08113375,-0.072891764,-0.08160906,-0.06452188,-0.02288881,-0.051510725,-0.05324459
-1.5326235,-0.27662376,-0.048898056,0.0047334805,-0.2277257,-0.14133748,-0.1719559,-0.12042664,-0.2431062,-0.26153845,-0.13455047,-0.35241428,-0.30356634,-0.22037596,-0.22450058,-0.19503766,-0.22325453,-0.18852448,-0.2667114,-0.3753205,-0.20379972,-0.13036825,-0.22989777,-0.27492097,-0.23730499,-0.37409008,-0.21441644,-0.26081207,-0.22631475,-0.28463307,-0.16435178,-0.17982827,-0.3297389,-0.23612185,-0.23706268,-0.2823692,-0.14530273,-0.22785248,-0.18776947,-0.1462554,-0.18242346,-0.24092449,-0.23576888,-0.09891307,-0.25137937,-0.16418058,-0.19470812,-0.08419048,-0.30515406,-0.29645443,-0.35892203,-0.27768338,-0.18935785,-0.23622474,-0.27416867
-1.8717041,-0.18143272,0.23071307,0.008101541,-0.4121458,-0.33208075,-0.31860268,-0.26077354,-0.45626542,-0.48165774,-0.3332865,-0.5684402,-0.5328754,-0.4156163,-0.39023146,-0.35066342,-0.38603264,-0.3833991,-0.47891286,-0.58974993,-0.37297845,-0.3351008,-0.42555177,-0.46002537,-0.4378786,-0.58277714,-0.39870185,-0.4784461,-0.40385196,-0.50939643,-0.32087925,-0.31995606,-0.5228976,-0.43727145,-0.42141914,-0.45790884,-0.31522882,-0.4279657,-0.33860794,-0.28583238,-0.33511248,-0.43626672,-0.41868353,-0.21196814,-0.4565518,-0.36169067,-0.3323684,-0.22035165,-0.50308543,-0.5089529,-0.57685447,-0.4727116,-0.35321128,-0.4359793,-0.4522363
-1.6880164,-0.24720857,0.06111887,0.0061833356,-0.30832744,-0.22575346,-0.23232427,-0.18187204,-0.3398455,-0.35851395,-0.21865048,-0.4514455,-0.40559888,-0.30223554,-0.29805604,-0.25667134,-0.29458085,-0.2706848,-0.3569801,-0.47165155,-0.27694812,-0.21851905,-0.31843996,-0.3564072,-0.32694912,-0.46759155,-0.2950066,-0.35720074,-0.30463147,-0.387472,-0.2288049,-0.24388193,-0.4182591,-0.32562387,-0.31440076,-0.3624372,-0.21986347,-0.31607962,-0.24810015,-0.20711987,-0.25185186,-0.32419753,-0.31798506,-0.147631,-0.34441042,-0.24417381,-0.254037,-0.14272828,-0.39381364,-0.3879481,-0.45087785,-0.35670382,-0.26312107,-0.32429752,-0.35399413
3.1863441,1.1102395,-0.19745946,0.037864074,1.307699,1.628065,1.2362309,1.3613023,1.6436769,1.1005468,1.1843987,1.2070663,1.4902894,1.3187838,1.6647702,1.471331,1.2283545,1.2364899,1.3529932,1.1334885,1.0032977,1.6318222,1.2765256,1.3763702,1.4387547,1.0719467,1.2538762,1.206619,1.2978828,1.4858334,1.179358,1.1288974,1.0991311,1.0677742,1.1462374,1.1765689,1.2430266,1.6487491,1.4161794,1.4358025,1.1378623,1.6010885,0.9918649,1.4261067,1.3554726,1.310779,1.5003507,1.4094403,1.1376712,1.1315382,1.1986521,1.7663788,1.3894188,1.1635072,1.0223783
2.2246945,0.38547584,-0.16407278,0.017058806,0.5495486,0.7346906,0.47638083,0.6120501,0.7625653,0.40590525,0.4721863,0.5025498,0.64511,0.56249815,0.7200642,0.71283025,0.48428842,0.53370893,0.62730134,0.41061544,0.32729226,0.81068003,0.5049029,0.5733981,0.6150599,0.41455027,0.4674058,0.5288651,0.5824735,0.66669416,0.41309017,0.4263,0.44827485,0.46326783,0.48323667,0.44323862,0.51562715,0.8000872,0.6073227,0.63093853,0.41414878,0.7337091,0.3195454,0.6400151,0.5996269,0.5414956,0.6915558,0.58893204,0.3260823,0.45864922,0.50666,0.8147921,0.6331915,0.45941466,0.3641629
2.3069139,0.34485903,-0.26619747,0.018745122,0.6110565,0.8097281,0.536312,0.6701467,0.8378988,0.45990252,0.53021026,0.5569161,0.714929,0.62716264,0.8010901,0.7730652,0.5428341,0.5892446,0.6843026,0.4675572,0.37955526,0.8797628,0.5690074,0.64006776,0.68009424,0.4671622,0.53209066,0.582664,0.64307135,0.7333087,0.4763159,0.4787128,0.5012912,0.5118056,0.53165305,0.50139445,0.5678954,0.8704225,0.6751917,0.69946057,0.46887448,0.8053352,0.37023225,0.7061751,0.6621317,0.60519814,0.76079416,0.6593756,0.39163798,0.51199985,0.56589854,0.89624053,0.6942707,0.51736194,0.41507018
2.4834166,0.5771072,-0.16841525,0.022608286,0.74552244,0.9739693,0.6650896,0.79908127,0.9996193,0.5820566,0.6547721,0.6809254,0.86481106,0.7659717,0.97465515,0.90836024,0.66978323,0.71374136,0.8134949,0.59748423,0.49334794,1.0280646,0.71139497,0.7873943,0.827197,0.58065516,0.6735552,0.7000575,0.7731586,0.876312,0.61192024,0.59599745,0.61506456,0.61821824,0.6404216,0.63035464,0.6850569,1.0271254,0.8208619,0.8465589,0.5928177,0.9619966,0.49015582,0.84820265,0.79643625,0.74317896,0.9094301,0.81059885,0.53210574,0.6299744,0.6930676,1.0710698,0.825391,0.6417591,0.5234051
3.4524732,1.7661151,0.24048889,0.04407586,1.5256262,1.8751044,1.4551187,1.5759103,1.8875177,1.303352,1.3990842,1.4137273,1.7300254,1.5280789,1.9259067,1.6924906,1.443797,1.4448074,1.5596501,1.3411521,1.2058727,1.8626356,1.489964,1.602993,1.6789503,1.266413,1.4766322,1.4136342,1.5068271,1.7199267,1.3984393,1.3407493,1.2967031,1.2436783,1.3474948,1.3858889,1.4614017,1.8839521,1.6540134,1.662894,1.3461727,1.8428465,1.1901783,1.6476651,1.5710574,1.532862,1.7240416,1.6356223,1.3691293,1.3214824,1.3964237,2.029459,1.6107332,1.3652453,1.2236078
3.4021604,1.3526077,-0.13175964,0.042857822,1.4843674,1.8284178,1.4137373,1.5353378,1.8414186,1.2650107,1.3584971,1.3746206,1.6847023,1.4885108,1.8765378,1.6507078,1.4030668,1.4054242,1.5205808,1.3018924,1.1675751,1.8189994,1.4496127,1.5597436,1.6325675,1.2297022,1.4345515,1.374146,1.4670275,1.6757711,1.3570211,1.3000767,1.2590914,1.210423,1.309423,1.3463161,1.420117,1.8394861,1.6090498,1.6199615,1.3067907,1.7971429,1.1526865,1.6057909,1.5303003,1.4908763,1.681752,1.5928619,1.3253714,1.2855729,1.3588133,1.9797225,1.5688927,1.327106,1.1855646
2.4076476,0.5744146,-0.11296463,0.020934286,0.68737924,0.9034639,0.60973847,0.74132574,0.93019605,0.52935433,0.60130036,0.62642276,0.8004699,0.7063839,0.90014726,0.8502808,0.61456317,0.6583499,0.7570152,0.5406613,0.4433626,0.9644018,0.65027094,0.72390825,0.7640489,0.5318366,0.61282736,0.6487222,0.71731484,0.81492364,0.55372536,0.5449012,0.5662459,0.5716545,0.59174484,0.57397884,0.6336295,0.9599373,0.7583438,0.7834127,0.53793526,0.89310855,0.4376306,0.7872331,0.73877484,0.68402183,0.8456238,0.74568176,0.47182867,0.57938623,0.6384766,0.99602896,0.7691038,0.588358,0.47690827
3.302107,1.4394782,0.037095547,0.040505048,1.4023826,1.7355756,1.3314445,1.4546543,1.7497447,1.1887646,1.2777843,1.2968521,1.5945716,1.4098248,1.7783616,1.5676175,1.3220693,1.3271056,1.4428866,1.2238197,1.0914155,1.7322233,1.3693689,1.4737365,1.5427152,1.1566983,1.3508677,1.2956189,1.3878807,1.5877415,1.2746558,1.2196009,1.1849213,1.1442903,1.233712,1.2676206,1.3380171,1.7510595,1.5196342,1.5345845,1.2284749,1.7062551,1.0781289,1.5225183,1.4492495,1.4073825,1.5976535,1.507827,1.2383529,1.2141616,1.2840203,1.8808154,1.485688,1.2512608,1.1099107
3.5489721,1.4124469,-0.19237447,0.04645704,1.6048213,1.9646484,1.5344881,1.6537277,1.9759349,1.3768897,1.4769295,1.488733,1.8169541,1.6039698,2.0205953,1.772629,1.5219169,1.5203438,1.6345842,1.4164512,1.2793268,1.9463289,1.5673572,1.6859448,1.7686704,1.3368233,1.5572901,1.4893719,1.5831622,1.8046159,1.4778786,1.4187585,1.3706791,1.3074616,1.4205163,1.4617888,1.5405849,1.9692371,1.7402525,1.7452382,1.421449,1.9305058,1.2620875,1.7279797,1.649229,1.6133896,1.8051525,1.7176365,1.4530568,1.3911265,1.4685595,2.1248524,1.6909821,1.4383962,1.2965741
2.8737826,0.7144255,-0.3394807,0.030915363,1.0539062,1.337217,0.9791527,1.1092509,1.3572924,0.8696831,0.93873006,0.9723964,1.2087259,1.0729722,1.3580722,1.2139456,0.9751675,0.9991214,1.1102808,0.89023983,0.7707141,1.3607384,1.025848,1.1144781,1.1574094,0.84308964,0.99187,0.9726008,1.0608689,1.21068,0.922053,0.887249,0.87285185,0.8629151,0.9152121,0.9307282,0.98655105,1.3725095,1.1431003,1.1705806,0.8930936,1.3169119,0.76790434,1.1655927,1.1022737,1.0570232,1.2376314,1.1433398,0.86582965,0.9084535,0.97391355,1.4573982,1.1294913,0.9261183,0.7860396
3.0381815,1.0483875,-0.13861036,0.034512043,1.1869979,1.4901952,1.1143689,1.2418231,1.5079229,0.99081415,1.0663553,1.095867,1.3568208,1.2022624,1.5193871,1.3480213,1.1081122,1.1221772,1.2379411,1.0178756,0.8924255,1.5033213,1.1576977,1.2522264,1.3054756,0.96346223,1.1296782,1.0933548,1.1838828,1.3554032,1.0573885,1.0128077,0.9894204,0.9698427,1.0367253,1.0600338,1.1214503,1.517804,1.2851415,1.3093529,1.0218893,1.4663811,0.8848755,1.302616,1.2354494,1.1883289,1.3758148,1.2834096,1.0088111,1.0257899,1.09212,1.6199136,1.2662063,1.0511069,0.9103474
3.2317047,1.3255181,-0.019252062,0.03889083,1.3447702,1.6702472,1.2735395,1.3978814,1.6852386,1.1351141,1.2209909,1.2421303,1.5311515,1.3544571,1.7092798,1.5090826,1.2650758,1.2719969,1.3882172,1.168884,1.037826,1.6711637,1.3129052,1.4143775,1.4794904,1.1051596,1.2918999,1.2412953,1.3327842,1.5257651,1.2166995,1.1644386,1.1327317,1.0977561,1.180438,1.2122468,1.2802478,1.6888385,1.4567171,1.4745092,1.1733679,1.642302,1.0256666,1.463914,1.3922181,1.3486322,1.5384779,1.4479921,1.1771224,1.1639134,1.2313924,1.8112195,1.427141,1.1978924,1.056677
3.6203766,1.8467351,0.1832937,0.04826324,1.6634414,2.0309067,1.5932175,1.7113088,2.0413592,1.4313037,1.5345314,1.5442336,1.8812773,1.6601254,2.09066,1.8319275,1.5797216,1.576237,1.6902354,1.472169,1.3336791,2.0082579,1.6246244,1.7473248,1.8350589,1.3889236,1.6169728,1.5454141,1.6396465,1.8672818,1.5366147,1.4764816,1.4254179,1.354658,1.4745485,1.517951,1.5991768,2.032344,1.8040653,1.8061686,1.4771127,1.995369,1.3152965,1.7874082,1.7070721,1.6729761,1.8651706,1.7783229,1.5151588,1.4435991,1.5219365,2.1954384,1.7502985,1.4925241,1.3505656
3.960194,2.3887756,0.44626915,0.057360634,1.9425064,2.3462327,1.8727134,1.9853398,2.3527172,1.690234,1.8083389,1.8083639,2.1873934,1.9273236,2.4241028,2.113994,1.854818,1.842481,1.9552287,1.7373325,1.5923451,2.3029814,1.8971617,2.03922,2.1510043,1.636782,1.9010063,1.8121213,1.9084576,2.165512,1.8155627,1.7511882,1.685922,1.5870384,1.7316906,1.7852293,1.8767773,2.3326724,2.1077533,2.0961397,1.742019,2.3038573,1.568098,2.0702322,1.9823506,1.9565514,2.1507995,2.0671325,1.8107053,1.6933187,1.7759606,2.531363,2.0324907,1.7501217,1.6071458
2.2293763,0.46344277,-0.089589745,0.017151816,0.5530325,0.73886317,0.47979352,0.61535835,0.766855,0.40898,0.4754903,0.50565696,0.64908576,0.56618154,0.724691,0.7161944,0.4876222,0.53687125,0.6305455,0.41385788,0.3303159,0.8146139,0.50846463,0.5771945,0.61861306,0.41743898,0.47101665,0.5319286,0.5859241,0.6704874,0.41669044,0.42928457,0.45129383,0.46603176,0.48599365,0.4465502,0.51860344,0.80405945,0.61118734,0.6348403,0.41726503,0.73778766,0.3222208,0.6437825,0.60318613,0.5449437,0.6954984,0.59294325,0.32982883,0.46165645,0.51003325,0.81943005,0.6366696,0.46271434,0.36708874
2.6335301,0.7521287,-0.11020845,0.025798857,0.8623372,1.1136545,0.78263927,0.9155096,1.137161,0.69266206,0.76071066,0.7917332,0.9923002,0.8840274,1.1222703,1.0234271,0.7855693,0.823483,0.92515075,0.71006215,0.5956866,1.1541939,0.83249396,0.91317296,0.95230645,0.6773924,0.7938693,0.80378306,0.88379633,1.0011526,0.72981524,0.7044736,0.7115232,0.7101179,0.74216515,0.74204654,0.79273516,1.160007,0.9440188,0.97129416,0.70473784,1.0984777,0.5969628,0.9689955,0.911858,0.8646073,1.0356905,0.9386419,0.65668195,0.7369782,0.8011563,1.219741,0.9369075,0.7498005,0.61921644
3.39301,1.549355,0.07248616,0.04263948,1.4768689,1.8199269,1.4062109,1.527959,1.8330343,1.2580377,1.3511153,1.367508,1.6764593,1.4813144,1.867559,1.6431087,1.3956591,1.3982614,1.5134751,1.2947521,1.1606097,1.8110632,1.442274,1.5518777,1.6243502,1.2230257,1.426898,1.3669642,1.459789,1.6677406,1.3494883,1.2926794,1.2523079,1.2043748,1.3024988,1.339119,1.4126085,1.8313987,1.6008723,1.6121533,1.2996283,1.7888305,1.1458677,1.598175,1.5228875,1.4832402,1.6740607,1.5850849,1.317413,1.2790416,1.3519729,1.9706769,1.5612831,1.3201694,1.1786456
3.8285494,2.0509167,0.21656454,0.05375918,1.8343521,2.2240758,1.7644372,1.8791806,2.2320974,1.589943,1.7023121,1.7060401,2.0688047,1.8238411,2.2949276,2.0047383,1.7482461,1.7393202,1.8525709,1.6346084,1.4921385,2.1888056,1.7915813,1.9261492,2.0286074,1.5408168,1.7909722,1.7087992,1.8043208,2.0499783,1.7074988,1.6447673,1.5850031,1.4941224,1.6320741,1.6816863,1.7695831,2.2163258,1.9901052,1.9838055,1.6393946,2.1843748,1.4702111,1.9606665,1.8757082,1.846695,2.0401475,1.9552481,1.6962112,1.5965778,1.6775521,2.4012263,1.9231699,1.6503289,1.5078137
3.8702073,2.311176,0.44259822,0.0548832,1.8685778,2.2627316,1.7987002,1.9127738,2.2702665,1.6216886,1.7358634,1.7384198,2.106331,1.8566027,2.335804,2.0393116,1.7819699,1.7719647,1.885056,1.6671146,1.523848,2.2249358,1.8249913,1.9619298,2.067339,1.5712075,1.8257917,1.7414948,1.8372738,2.086538,1.7416947,1.6784432,1.6169381,1.5235248,1.663597,1.7144516,1.8035119,2.2531428,2.0273337,2.0193527,1.6718693,2.2221837,1.5011891,1.9953378,1.9094543,1.881458,2.0751624,1.990653,1.7324419,1.6271907,1.7086927,2.4424071,1.9577634,1.6819074,1.5392466
3.8823566,2.135803,0.2572435,0.05521379,1.8785595,2.2740052,1.8086929,1.9225711,2.2813985,1.630945,1.7456485,1.747863,2.1172755,1.8661574,2.3477254,2.0493946,1.7918054,1.7814851,1.8945304,1.6765949,1.5330961,2.2354727,1.8347353,1.9723648,2.0786347,1.580061,1.8359467,1.7510301,1.8468847,2.0972004,1.751668,1.6882648,1.6262519,1.5321,1.6727904,1.7240075,1.8134035,2.26388,2.0381916,2.0297198,1.6813403,2.2332106,1.5102237,2.0054495,1.9192963,1.8915969,2.0853744,2.0009787,1.7430085,1.6361188,1.7177747,2.4544172,1.9678527,1.6911173,1.548414
